WORDS  , ACUTE , CONSIDERABLE , CRITICAL , CRUCIAL , DECISIVE , EPIC , FUNDAMENTAL , IMPORTANT , INSTRUMENTAL , KEY , MAIN , MAJOR , PIVOTAL , SERIOUS , SIGNIFICANT , VITAL
ACUTE ,  1.0 ,  0.267273707395 ,  0.250455821216 ,  0.218212671353 ,  0.198554004801 ,  0.19014140992 ,  0.261879657424 ,  0.1896467728 ,  0.174473869924 ,  0.124045052924 ,  0.167868607723 ,  0.182021643524 ,  0.206776592275 ,  0.251312263421 ,  0.250848219156 ,  0.257291655997
CONSIDERABLE ,  0.267273707395 ,  1.0 ,  0.30135927873 ,  0.450891706011 ,  0.421697470308 ,  0.208633197962 ,  0.460044454065 ,  0.336086005647 ,  0.209786441212 ,  0.233541570041 ,  0.299860543217 ,  0.351028587673 ,  0.353391319313 ,  0.415565682725 ,  0.61456933615 ,  0.387657927164
CRITICAL ,  0.250455821216 ,  0.30135927873 ,  1.0 ,  0.634427754666 ,  0.339456160114 ,  0.161666832664 ,  0.383170083903 ,  0.559309815182 ,  0.240836567787 ,  0.429262785375 ,  0.267022271081 ,  0.336701074114 ,  0.392358857286 ,  0.35518798379 ,  0.452702633633 ,  0.486516485617
CRUCIAL ,  0.218212671353 ,  0.450891706011 ,  0.634427754666 ,  1.0 ,  0.550266186423 ,  0.205961785752 ,  0.517096112026 ,  0.613091164668 ,  0.354477645814 ,  0.573296117919 ,  0.340222352991 ,  0.412622702739 ,  0.641573730853 ,  0.395555194005 ,  0.595684207557 ,  0.648312118631
DECISIVE ,  0.198554004801 ,  0.421697470308 ,  0.339456160114 ,  0.550266186423 ,  1.0 ,  0.263068413823 ,  0.382919923499 ,  0.324198267818 ,  0.340917176367 ,  0.341805483851 ,  0.250857493571 ,  0.278984520975 ,  0.608910616604 ,  0.346093007283 ,  0.453676024295 ,  0.38024908443
EPIC ,  0.19014140992 ,  0.208633197962 ,  0.161666832664 ,  0.205961785752 ,  0.263068413823 ,  1.0 ,  0.209895842046 ,  0.122262298026 ,  0.20433640116 ,  0.119892847381 ,  0.136997637971 ,  0.178154859005 ,  0.268200809961 ,  0.184991477855 ,  0.20692665034 ,  0.151189172398
FUNDAMENTAL ,  0.261879657424 ,  0.460044454065 ,  0.383170083903 ,  0.517096112026 ,  0.382919923499 ,  0.209895842046 ,  1.0 ,  0.388913864316 ,  0.275385120226 ,  0.366286369452 ,  0.341923157282 ,  0.374759703085 ,  0.415541898591 ,  0.423672768286 ,  0.516141528817 ,  0.499420459268
IMPORTANT ,  0.1896467728 ,  0.336086005647 ,  0.559309815182 ,  0.613091164668 ,  0.324198267818 ,  0.122262298026 ,  0.388913864316 ,  1.0 ,  0.197162878383 ,  0.460455084278 ,  0.299987636606 ,  0.422391639442 ,  0.364127303591 ,  0.389102702134 ,  0.564686312383 ,  0.490648185124
INSTRUMENTAL ,  0.174473869924 ,  0.209786441212 ,  0.240836567787 ,  0.354477645814 ,  0.340917176367 ,  0.20433640116 ,  0.275385120226 ,  0.197162878383 ,  1.0 ,  0.233185703851 ,  0.145613863147 ,  0.159969661078 ,  0.382931511197 ,  0.186833553102 ,  0.233679987028 ,  0.308720387072
KEY ,  0.124045052924 ,  0.233541570041 ,  0.429262785375 ,  0.573296117919 ,  0.341805483851 ,  0.119892847381 ,  0.366286369452 ,  0.460455084278 ,  0.233185703851 ,  1.0 ,  0.405480260261 ,  0.408412463344 ,  0.422787144645 ,  0.316411587014 ,  0.391284052357 ,  0.449923546771
MAIN ,  0.167868607723 ,  0.299860543217 ,  0.267022271081 ,  0.340222352991 ,  0.250857493571 ,  0.136997637971 ,  0.341923157282 ,  0.299987636606 ,  0.145613863147 ,  0.405480260261 ,  1.0 ,  0.420660394318 ,  0.293720785754 ,  0.273756831538 ,  0.332984050236 ,  0.323373783159
MAJOR ,  0.182021643524 ,  0.351028587673 ,  0.336701074114 ,  0.412622702739 ,  0.278984520975 ,  0.178154859005 ,  0.374759703085 ,  0.422391639442 ,  0.159969661078 ,  0.408412463344 ,  0.420660394318 ,  1.0 ,  0.313233214342 ,  0.4188542394 ,  0.506175744591 ,  0.375019493067
PIVOTAL ,  0.206776592275 ,  0.353391319313 ,  0.392358857286 ,  0.641573730853 ,  0.608910616604 ,  0.268200809961 ,  0.415541898591 ,  0.364127303591 ,  0.382931511197 ,  0.422787144645 ,  0.293720785754 ,  0.313233214342 ,  1.0 ,  0.307969479392 ,  0.440034917197 ,  0.458101664884
SERIOUS ,  0.251312263421 ,  0.415565682725 ,  0.35518798379 ,  0.395555194005 ,  0.346093007283 ,  0.184991477855 ,  0.423672768286 ,  0.389102702134 ,  0.186833553102 ,  0.316411587014 ,  0.273756831538 ,  0.4188542394 ,  0.307969479392 ,  1.0 ,  0.546090997568 ,  0.329478424772
SIGNIFICANT ,  0.250848219156 ,  0.61456933615 ,  0.452702633633 ,  0.595684207557 ,  0.453676024295 ,  0.20692665034 ,  0.516141528817 ,  0.564686312383 ,  0.233679987028 ,  0.391284052357 ,  0.332984050236 ,  0.506175744591 ,  0.440034917197 ,  0.546090997568 ,  1.0 ,  0.485807102085
VITAL ,  0.257291655997 ,  0.387657927164 ,  0.486516485617 ,  0.648312118631 ,  0.38024908443 ,  0.151189172398 ,  0.499420459268 ,  0.490648185124 ,  0.308720387072 ,  0.449923546771 ,  0.323373783159 ,  0.375019493067 ,  0.458101664884 ,  0.329478424772 ,  0.485807102085 ,  1.0
