WORDS  , DANGER , INSECURE , RISK , SAFE , SAFETY , SECURE , SECURITY , UNSAFE , VULNERABILITY , VULNERABLE
DANGER ,  1.0 ,  -0.0736055770126 ,  0.451080634325 ,  0.120243642421 ,  0.210418590368 ,  0.0527518538059 ,  0.17708027968 ,  -0.0053438141331 ,  0.308591222322 ,  0.131532471512
INSECURE ,  -0.0736055770126 ,  1.0 ,  -0.023871293833 ,  0.243249193844 ,  -0.0269824709785 ,  0.236376406265 ,  0.0384573994828 ,  0.36001602191 ,  -0.0512663211648 ,  0.332585536418
RISK ,  0.451080634325 ,  -0.023871293833 ,  1.0 ,  0.137408930344 ,  0.190188315253 ,  0.15411841444 ,  0.162267620108 ,  0.0507157639681 ,  0.246187157635 ,  0.0785647446842
SAFE ,  0.120243642421 ,  0.243249193844 ,  0.137408930344 ,  1.0 ,  0.176214298947 ,  0.359975090402 ,  0.124783594128 ,  0.428659244176 ,  0.0365164842581 ,  0.251308035851
SAFETY ,  0.210418590368 ,  -0.0269824709785 ,  0.190188315253 ,  0.176214298947 ,  1.0 ,  0.0801926227362 ,  0.486394916129 ,  0.0881799645282 ,  0.206626578074 ,  -0.0176836447733
SECURE ,  0.0527518538059 ,  0.236376406265 ,  0.15411841444 ,  0.359975090402 ,  0.0801926227362 ,  1.0 ,  0.1368229203 ,  0.272187708093 ,  -0.0162260917618 ,  0.178661426442
SECURITY ,  0.17708027968 ,  0.0384573994828 ,  0.162267620108 ,  0.124783594128 ,  0.486394916129 ,  0.1368229203 ,  1.0 ,  0.0792549350668 ,  0.205323526847 ,  0.0373622301156
UNSAFE ,  -0.0053438141331 ,  0.36001602191 ,  0.0507157639681 ,  0.428659244176 ,  0.0881799645282 ,  0.272187708093 ,  0.0792549350668 ,  1.0 ,  0.0100668423215 ,  0.287594966485
VULNERABILITY ,  0.308591222322 ,  -0.0512663211648 ,  0.246187157635 ,  0.0365164842581 ,  0.206626578074 ,  -0.0162260917618 ,  0.205323526847 ,  0.0100668423215 ,  1.0 ,  0.210593264482
VULNERABLE ,  0.131532471512 ,  0.332585536418 ,  0.0785647446842 ,  0.251308035851 ,  -0.0176836447733 ,  0.178661426442 ,  0.0373622301156 ,  0.287594966485 ,  0.210593264482 ,  1.0
