WORDS  , AROMA , AROMATIC , BITTER , BLAND , BOUQUET , DELECTABLE , DELICIOUS , FRAGRANCE , FRAGRANT , HOT , INSIPID , ODOR , PALATABLE , PUNGENT , REEK , REEK , SALTY , SCENT , SCRUMPTIOUS , SMELL , SMELLY , SOUR , SPICY , STENCH , STINK , STINK , SWEET , TART , TASTELESS , TASTY , UNPALATABLE , YUMMY
AROMA ,  1.0 ,  0.0176866440395 ,  -0.012961228554 ,  0.053219974786 ,  0.383775527461 ,  -0.0834903584047 ,  0.109260414115 ,  0.381026893615 ,  -0.0111711519943 ,  0.00371139264966 ,  -0.0415509274865 ,  0.330869008157 ,  -0.0767378473212 ,  0.069769636046 ,  0.258017910756 ,  0.258017910756 ,  0.0528761407325 ,  0.416337001373 ,  0.0316414288851 ,  0.318162773135 ,  -0.0314740075879 ,  0.0144529032536 ,  0.0372230777523 ,  0.389064001535 ,  0.261740270785 ,  0.261740270785 ,  0.0474994657573 ,  0.14552912951 ,  0.0305601486167 ,  0.149337791094 ,  0.00812590373295 ,  0.0465398716521
AROMATIC ,  0.0176866440395 ,  1.0 ,  0.265395975459 ,  0.349861951005 ,  -0.0200440460791 ,  0.448608897471 ,  0.221965491979 ,  -0.014158693767 ,  0.509341340187 ,  0.171121195992 ,  0.387755880874 ,  -0.0657518759867 ,  0.250837868466 ,  0.531033053378 ,  0.0579394357268 ,  0.0579394357268 ,  0.428337382219 ,  -0.013541919359 ,  0.440450570039 ,  -0.00438608124181 ,  0.476306611881 ,  0.193731654631 ,  0.407501997575 ,  -0.106548747825 ,  0.0785252110616 ,  0.0785252110616 ,  0.250609560357 ,  0.243952522961 ,  0.416409495484 ,  0.328236375636 ,  0.300614961288 ,  0.375309940827
BITTER ,  -0.012961228554 ,  0.265395975459 ,  1.0 ,  0.276754909393 ,  -0.0934387088481 ,  0.263284105482 ,  0.3046000447 ,  -0.103575802385 ,  0.378172022433 ,  0.293008521546 ,  0.241010542608 ,  -0.0777200359111 ,  0.240352354301 ,  0.354361134003 ,  0.0258176033428 ,  0.0258176033428 ,  0.340397633346 ,  -0.0765409730944 ,  0.220445986565 ,  -0.0309319067168 ,  0.322648274545 ,  0.290606740204 ,  0.320955075168 ,  -0.0374983646812 ,  0.0719125397343 ,  0.0719125397343 ,  0.367024837753 ,  0.158438969912 ,  0.337011245125 ,  0.291225752856 ,  0.302126147997 ,  0.266420454975
BLAND ,  0.053219974786 ,  0.349861951005 ,  0.276754909393 ,  1.0 ,  -0.0467737031953 ,  0.399962102681 ,  0.434594246841 ,  -0.025001534961 ,  0.43952603164 ,  0.240047332847 ,  0.465456897373 ,  -0.0955018814072 ,  0.364525429144 ,  0.487297872241 ,  0.0309013411886 ,  0.0309013411886 ,  0.484679070211 ,  -0.0400239562822 ,  0.336188575286 ,  -0.011352977247 ,  0.443774974346 ,  0.259240822667 ,  0.419842613084 ,  -0.060195368133 ,  0.0760344986642 ,  0.0760344986642 ,  0.32327740971 ,  0.390504622145 ,  0.547701130985 ,  0.451675808394 ,  0.302457772572 ,  0.433847137119
BOUQUET ,  0.383775527461 ,  -0.0200440460791 ,  -0.0934387088481 ,  -0.0467737031953 ,  1.0 ,  -0.0987442864752 ,  0.0238323966601 ,  0.289497242191 ,  -0.0403516391504 ,  -0.0046279832587 ,  -0.150470346736 ,  0.284503873532 ,  -0.142240789181 ,  -0.0373196440797 ,  0.281503151034 ,  0.281503151034 ,  -0.0716526880565 ,  0.387758231003 ,  0.0364478488543 ,  0.268917126953 ,  -0.100088941889 ,  -0.00374053869751 ,  -0.00794595597894 ,  0.364401140433 ,  0.180130054512 ,  0.180130054512 ,  0.042958226786 ,  0.149028685572 ,  -0.100932819386 ,  -0.000130022533933 ,  -0.135400738216 ,  0.0218470279582
DELECTABLE ,  -0.0834903584047 ,  0.448608897471 ,  0.263284105482 ,  0.399962102681 ,  -0.0987442864752 ,  1.0 ,  0.414447445977 ,  -0.071747123372 ,  0.462605321856 ,  0.210544477791 ,  0.456829483854 ,  -0.162172767216 ,  0.322928718568 ,  0.490376602242 ,  -0.0606871108109 ,  -0.0606871108109 ,  0.458008325816 ,  -0.107691401578 ,  0.543815093473 ,  -0.0665937269937 ,  0.455674415756 ,  0.222378587651 ,  0.533030780368 ,  -0.182747468635 ,  -0.0830035385174 ,  -0.0830035385174 ,  0.321153332714 ,  0.26851814277 ,  0.461847016008 ,  0.491642722197 ,  0.287624412724 ,  0.464727899881
DELICIOUS ,  0.109260414115 ,  0.221965491979 ,  0.3046000447 ,  0.434594246841 ,  0.0238323966601 ,  0.414447445977 ,  1.0 ,  0.00706087214485 ,  0.398841969308 ,  0.268942718276 ,  0.34939406295 ,  0.043367640891 ,  0.297750619946 ,  0.44374133363 ,  -0.00524791866294 ,  -0.00524791866294 ,  0.413271276117 ,  -0.0252926163037 ,  0.348565572948 ,  0.0950607245433 ,  0.396628505008 ,  0.230061931271 ,  0.568192766367 ,  -0.0199857835395 ,  0.0244557961622 ,  0.0244557961622 ,  0.370924930701 ,  0.249586894125 ,  0.429402237734 ,  0.567985460798 ,  0.283722114039 ,  0.453758234115
FRAGRANCE ,  0.381026893615 ,  -0.014158693767 ,  -0.103575802385 ,  -0.025001534961 ,  0.289497242191 ,  -0.071747123372 ,  0.00706087214485 ,  1.0 ,  -0.0775922798698 ,  0.027099047135 ,  -0.0400981612826 ,  0.29866216654 ,  -0.0515481863754 ,  -0.0730808215828 ,  0.163443015457 ,  0.163443015457 ,  -0.0269888772265 ,  0.36135551781 ,  -0.0495799479923 ,  0.277868799855 ,  -0.0901444545877 ,  -0.0259864096454 ,  0.0190449848104 ,  0.282547698644 ,  0.138657253357 ,  0.138657253357 ,  -0.0367858726003 ,  0.0320042454972 ,  -0.0594335705536 ,  0.0554419347348 ,  0.00245941820959 ,  -0.0249060588852
FRAGRANT ,  -0.0111711519943 ,  0.509341340187 ,  0.378172022433 ,  0.43952603164 ,  -0.0403516391504 ,  0.462605321856 ,  0.398841969308 ,  -0.0775922798698 ,  1.0 ,  0.289175591987 ,  0.414664298654 ,  -0.105359608693 ,  0.283899592421 ,  0.583943854595 ,  0.0884201735737 ,  0.0884201735737 ,  0.507722434273 ,  -0.0599323807038 ,  0.430217727378 ,  -0.0153886377013 ,  0.54533729164 ,  0.243347711945 ,  0.508807945432 ,  -0.0693418576658 ,  0.0523929906782 ,  0.0523929906782 ,  0.352027942168 ,  0.257317366079 ,  0.434724676864 ,  0.409320278932 ,  0.284932938821 ,  0.424644101685
HOT ,  0.00371139264966 ,  0.171121195992 ,  0.293008521546 ,  0.240047332847 ,  -0.0046279832587 ,  0.210544477791 ,  0.268942718276 ,  0.027099047135 ,  0.289175591987 ,  1.0 ,  0.191151669644 ,  -0.0131955505939 ,  0.160173537398 ,  0.220252832437 ,  0.00765850746476 ,  0.00765850746476 ,  0.307092021361 ,  -0.0145632098164 ,  0.173724841997 ,  0.0346738554919 ,  0.263119428395 ,  0.177671147118 ,  0.283807547051 ,  -0.0101696098413 ,  0.103004091673 ,  0.103004091673 ,  0.343174948485 ,  0.102803043962 ,  0.198874699531 ,  0.237410332384 ,  0.155022502168 ,  0.236285073656
INSIPID ,  -0.0415509274865 ,  0.387755880874 ,  0.241010542608 ,  0.465456897373 ,  -0.150470346736 ,  0.456829483854 ,  0.34939406295 ,  -0.0400981612826 ,  0.414664298654 ,  0.191151669644 ,  1.0 ,  -0.131635219004 ,  0.387556221933 ,  0.462885068063 ,  0.0105788253571 ,  0.0105788253571 ,  0.466389601249 ,  -0.134567768407 ,  0.382693219404 ,  -0.068788815699 ,  0.451001041836 ,  0.176359324287 ,  0.390237480573 ,  -0.186144935832 ,  -0.0285620584214 ,  -0.0285620584214 ,  0.276725106267 ,  0.207911556917 ,  0.521718392082 ,  0.404880968917 ,  0.428998744313 ,  0.390755571991
ODOR ,  0.330869008157 ,  -0.0657518759867 ,  -0.0777200359111 ,  -0.0955018814072 ,  0.284503873532 ,  -0.162172767216 ,  0.043367640891 ,  0.29866216654 ,  -0.105359608693 ,  -0.0131955505939 ,  -0.131635219004 ,  1.0 ,  -0.088307656883 ,  -0.0703970744761 ,  0.160549697814 ,  0.160549697814 ,  -0.0521998952694 ,  0.382221750169 ,  -0.073168345128 ,  0.307241259 ,  -0.02225433751 ,  -0.0659329367959 ,  -0.0378455591369 ,  0.39440392668 ,  0.174146742868 ,  0.174146742868 ,  -0.0514612065605 ,  0.0573572739538 ,  -0.0801958081875 ,  0.024731034125 ,  -0.0622387555014 ,  -0.0660677413841
PALATABLE ,  -0.0767378473212 ,  0.250837868466 ,  0.240352354301 ,  0.364525429144 ,  -0.142240789181 ,  0.322928718568 ,  0.297750619946 ,  -0.0515481863754 ,  0.283899592421 ,  0.160173537398 ,  0.387556221933 ,  -0.088307656883 ,  1.0 ,  0.337985289405 ,  -0.0298591968581 ,  -0.0298591968581 ,  0.342499548838 ,  -0.0506235585201 ,  0.2093145026 ,  -0.0882099082921 ,  0.283484030103 ,  0.166780543229 ,  0.291366568204 ,  -0.156636024532 ,  -0.00954984362291 ,  -0.00954984362291 ,  0.228055853156 ,  0.1749602298 ,  0.377325740772 ,  0.367011560819 ,  0.585345434126 ,  0.246284733186
PUNGENT ,  0.069769636046 ,  0.531033053378 ,  0.354361134003 ,  0.487297872241 ,  -0.0373196440797 ,  0.490376602242 ,  0.44374133363 ,  -0.0730808215828 ,  0.583943854595 ,  0.220252832437 ,  0.462885068063 ,  -0.0703970744761 ,  0.337985289405 ,  1.0 ,  0.0631601825299 ,  0.0631601825299 ,  0.595827083209 ,  0.00943932181389 ,  0.455549424069 ,  0.0104147919453 ,  0.533438066366 ,  0.28395585695 ,  0.533979769821 ,  -0.0230633417045 ,  0.0753934849816 ,  0.0753934849816 ,  0.354048828703 ,  0.349616451021 ,  0.616999021567 ,  0.43793122613 ,  0.363612037397 ,  0.487411799276
REEK ,  0.258017910756 ,  0.0579394357268 ,  0.0258176033428 ,  0.0309013411886 ,  0.281503151034 ,  -0.0606871108109 ,  -0.00524791866294 ,  0.163443015457 ,  0.0884201735737 ,  0.00765850746476 ,  0.0105788253571 ,  0.160549697814 ,  -0.0298591968581 ,  0.0631601825299 ,  1.0 ,  1.0 ,  0.0382303623541 ,  0.24843624032 ,  0.0249789286256 ,  0.229361002254 ,  0.0228282086251 ,  0.0693008680066 ,  -0.0371102526795 ,  0.28448152828 ,  0.229035533625 ,  0.229035533625 ,  0.0416863438572 ,  0.11990169203 ,  0.0664147861428 ,  -0.0246072039021 ,  0.0436428665546 ,  -0.00591147490283
REEK ,  0.258017910756 ,  0.0579394357268 ,  0.0258176033428 ,  0.0309013411886 ,  0.281503151034 ,  -0.0606871108109 ,  -0.00524791866294 ,  0.163443015457 ,  0.0884201735737 ,  0.00765850746476 ,  0.0105788253571 ,  0.160549697814 ,  -0.0298591968581 ,  0.0631601825299 ,  1.0 ,  1.0 ,  0.0382303623541 ,  0.24843624032 ,  0.0249789286256 ,  0.229361002254 ,  0.0228282086251 ,  0.0693008680066 ,  -0.0371102526795 ,  0.28448152828 ,  0.229035533625 ,  0.229035533625 ,  0.0416863438572 ,  0.11990169203 ,  0.0664147861428 ,  -0.0246072039021 ,  0.0436428665546 ,  -0.00591147490283
SALTY ,  0.0528761407325 ,  0.428337382219 ,  0.340397633346 ,  0.484679070211 ,  -0.0716526880565 ,  0.458008325816 ,  0.413271276117 ,  -0.0269888772265 ,  0.507722434273 ,  0.307092021361 ,  0.466389601249 ,  -0.0521998952694 ,  0.342499548838 ,  0.595827083209 ,  0.0382303623541 ,  0.0382303623541 ,  1.0 ,  -0.028192882643 ,  0.401880793688 ,  0.0260730421457 ,  0.564084460966 ,  0.284800671459 ,  0.541407174163 ,  -0.037281349508 ,  0.100514948712 ,  0.100514948712 ,  0.329114096468 ,  0.309436135328 ,  0.516700487996 ,  0.470736824381 ,  0.353189572759 ,  0.455360077664
SCENT ,  0.416337001373 ,  -0.013541919359 ,  -0.0765409730944 ,  -0.0400239562822 ,  0.387758231003 ,  -0.107691401578 ,  -0.0252926163037 ,  0.36135551781 ,  -0.0599323807038 ,  -0.0145632098164 ,  -0.134567768407 ,  0.382221750169 ,  -0.0506235585201 ,  0.00943932181389 ,  0.24843624032 ,  0.24843624032 ,  -0.028192882643 ,  1.0 ,  -0.00624336198182 ,  0.340998621824 ,  -0.043175734771 ,  -0.0202550884055 ,  -0.0481633497478 ,  0.455285596307 ,  0.279717448525 ,  0.279717448525 ,  -0.0231935668868 ,  0.0982739779031 ,  -0.0452176388609 ,  0.0263694498577 ,  0.0106847093388 ,  -0.010744836235
SCRUMPTIOUS ,  0.0316414288851 ,  0.440450570039 ,  0.220445986565 ,  0.336188575286 ,  0.0364478488543 ,  0.543815093473 ,  0.348565572948 ,  -0.0495799479923 ,  0.430217727378 ,  0.173724841997 ,  0.382693219404 ,  -0.073168345128 ,  0.2093145026 ,  0.455549424069 ,  0.0249789286256 ,  0.0249789286256 ,  0.401880793688 ,  -0.00624336198182 ,  1.0 ,  -0.0198089983965 ,  0.437639122743 ,  0.186322340219 ,  0.425084410264 ,  -0.112738344086 ,  0.020128453977 ,  0.020128453977 ,  0.258440165222 ,  0.195308093487 ,  0.376458772915 ,  0.421540950979 ,  0.20826351317 ,  0.545283999588
SMELL ,  0.318162773135 ,  -0.00438608124181 ,  -0.0309319067168 ,  -0.011352977247 ,  0.268917126953 ,  -0.0665937269937 ,  0.0950607245433 ,  0.277868799855 ,  -0.0153886377013 ,  0.0346738554919 ,  -0.068788815699 ,  0.307241259 ,  -0.0882099082921 ,  0.0104147919453 ,  0.229361002254 ,  0.229361002254 ,  0.0260730421457 ,  0.340998621824 ,  -0.0198089983965 ,  1.0 ,  0.0125912528874 ,  -0.00358043579017 ,  0.0263562045941 ,  0.424825856971 ,  0.231301275119 ,  0.231301275119 ,  0.0847436474387 ,  0.0594605175747 ,  -0.0208247941942 ,  0.103331993284 ,  -0.041826964849 ,  0.0269796299193
SMELLY ,  -0.0314740075879 ,  0.476306611881 ,  0.322648274545 ,  0.443774974346 ,  -0.100088941889 ,  0.455674415756 ,  0.396628505008 ,  -0.0901444545877 ,  0.54533729164 ,  0.263119428395 ,  0.451001041836 ,  -0.02225433751 ,  0.283484030103 ,  0.533438066366 ,  0.0228282086251 ,  0.0228282086251 ,  0.564084460966 ,  -0.043175734771 ,  0.437639122743 ,  0.0125912528874 ,  1.0 ,  0.20516977112 ,  0.457347854956 ,  -0.0134478958 ,  0.0973529467199 ,  0.0973529467199 ,  0.305591810907 ,  0.218064565022 ,  0.532033431747 ,  0.425757170234 ,  0.350373073754 ,  0.444520577042
SOUR ,  0.0144529032536 ,  0.193731654631 ,  0.290606740204 ,  0.259240822667 ,  -0.00374053869751 ,  0.222378587651 ,  0.230061931271 ,  -0.0259864096454 ,  0.243347711945 ,  0.177671147118 ,  0.176359324287 ,  -0.0659329367959 ,  0.166780543229 ,  0.28395585695 ,  0.0693008680066 ,  0.0693008680066 ,  0.284800671459 ,  -0.0202550884055 ,  0.186322340219 ,  -0.00358043579017 ,  0.20516977112 ,  1.0 ,  0.238568840611 ,  0.0240407400105 ,  0.151401739521 ,  0.151401739521 ,  0.20451325421 ,  0.225752277189 ,  0.216793582003 ,  0.212063566845 ,  0.193769899074 ,  0.264028787687
SPICY ,  0.0372230777523 ,  0.407501997575 ,  0.320955075168 ,  0.419842613084 ,  -0.00794595597894 ,  0.533030780368 ,  0.568192766367 ,  0.0190449848104 ,  0.508807945432 ,  0.283807547051 ,  0.390237480573 ,  -0.0378455591369 ,  0.291366568204 ,  0.533979769821 ,  -0.0371102526795 ,  -0.0371102526795 ,  0.541407174163 ,  -0.0481633497478 ,  0.425084410264 ,  0.0263562045941 ,  0.457347854956 ,  0.238568840611 ,  1.0 ,  -0.0654061268243 ,  -0.0122393974545 ,  -0.0122393974545 ,  0.413178838211 ,  0.315692007646 ,  0.446658364747 ,  0.56644318261 ,  0.270711728209 ,  0.490824694111
STENCH ,  0.389064001535 ,  -0.106548747825 ,  -0.0374983646812 ,  -0.060195368133 ,  0.364401140433 ,  -0.182747468635 ,  -0.0199857835395 ,  0.282547698644 ,  -0.0693418576658 ,  -0.0101696098413 ,  -0.186144935832 ,  0.39440392668 ,  -0.156636024532 ,  -0.0230633417045 ,  0.28448152828 ,  0.28448152828 ,  -0.037281349508 ,  0.455285596307 ,  -0.112738344086 ,  0.424825856971 ,  -0.0134478958 ,  0.0240407400105 ,  -0.0654061268243 ,  1.0 ,  0.280785237669 ,  0.280785237669 ,  -0.0376027822054 ,  0.0303754100751 ,  -0.0887791628799 ,  -0.0264958942 ,  -0.0775924845284 ,  -0.0992525895779
STINK ,  0.261740270785 ,  0.0785252110616 ,  0.0719125397343 ,  0.0760344986642 ,  0.180130054512 ,  -0.0830035385174 ,  0.0244557961622 ,  0.138657253357 ,  0.0523929906782 ,  0.103004091673 ,  -0.0285620584214 ,  0.174146742868 ,  -0.00954984362291 ,  0.0753934849816 ,  0.229035533625 ,  0.229035533625 ,  0.100514948712 ,  0.279717448525 ,  0.020128453977 ,  0.231301275119 ,  0.0973529467199 ,  0.151401739521 ,  -0.0122393974545 ,  0.280785237669 ,  1.0 ,  1.0 ,  0.074277596103 ,  0.114356348622 ,  0.115293994622 ,  0.0529821853243 ,  0.0884033983858 ,  0.111950058229
STINK ,  0.261740270785 ,  0.0785252110616 ,  0.0719125397343 ,  0.0760344986642 ,  0.180130054512 ,  -0.0830035385174 ,  0.0244557961622 ,  0.138657253357 ,  0.0523929906782 ,  0.103004091673 ,  -0.0285620584214 ,  0.174146742868 ,  -0.00954984362291 ,  0.0753934849816 ,  0.229035533625 ,  0.229035533625 ,  0.100514948712 ,  0.279717448525 ,  0.020128453977 ,  0.231301275119 ,  0.0973529467199 ,  0.151401739521 ,  -0.0122393974545 ,  0.280785237669 ,  1.0 ,  1.0 ,  0.074277596103 ,  0.114356348622 ,  0.115293994622 ,  0.0529821853243 ,  0.0884033983858 ,  0.111950058229
SWEET ,  0.0474994657573 ,  0.250609560357 ,  0.367024837753 ,  0.32327740971 ,  0.042958226786 ,  0.321153332714 ,  0.370924930701 ,  -0.0367858726003 ,  0.352027942168 ,  0.343174948485 ,  0.276725106267 ,  -0.0514612065605 ,  0.228055853156 ,  0.354048828703 ,  0.0416863438572 ,  0.0416863438572 ,  0.329114096468 ,  -0.0231935668868 ,  0.258440165222 ,  0.0847436474387 ,  0.305591810907 ,  0.20451325421 ,  0.413178838211 ,  -0.0376027822054 ,  0.074277596103 ,  0.074277596103 ,  1.0 ,  0.220064095401 ,  0.311981109248 ,  0.33645399751 ,  0.229598465192 ,  0.318577888287
TART ,  0.14552912951 ,  0.243952522961 ,  0.158438969912 ,  0.390504622145 ,  0.149028685572 ,  0.26851814277 ,  0.249586894125 ,  0.0320042454972 ,  0.257317366079 ,  0.102803043962 ,  0.207911556917 ,  0.0573572739538 ,  0.1749602298 ,  0.349616451021 ,  0.11990169203 ,  0.11990169203 ,  0.309436135328 ,  0.0982739779031 ,  0.195308093487 ,  0.0594605175747 ,  0.218064565022 ,  0.225752277189 ,  0.315692007646 ,  0.0303754100751 ,  0.114356348622 ,  0.114356348622 ,  0.220064095401 ,  1.0 ,  0.333423131123 ,  0.289522653129 ,  0.168988182652 ,  0.307304592134
TASTELESS ,  0.0305601486167 ,  0.416409495484 ,  0.337011245125 ,  0.547701130985 ,  -0.100932819386 ,  0.461847016008 ,  0.429402237734 ,  -0.0594335705536 ,  0.434724676864 ,  0.198874699531 ,  0.521718392082 ,  -0.0801958081875 ,  0.377325740772 ,  0.616999021567 ,  0.0664147861428 ,  0.0664147861428 ,  0.516700487996 ,  -0.0452176388609 ,  0.376458772915 ,  -0.0208247941942 ,  0.532033431747 ,  0.216793582003 ,  0.446658364747 ,  -0.0887791628799 ,  0.115293994622 ,  0.115293994622 ,  0.311981109248 ,  0.333423131123 ,  1.0 ,  0.475423983603 ,  0.451448379339 ,  0.44973535576
TASTY ,  0.149337791094 ,  0.328236375636 ,  0.291225752856 ,  0.451675808394 ,  -0.000130022533933 ,  0.491642722197 ,  0.567985460798 ,  0.0554419347348 ,  0.409320278932 ,  0.237410332384 ,  0.404880968917 ,  0.024731034125 ,  0.367011560819 ,  0.43793122613 ,  -0.0246072039021 ,  -0.0246072039021 ,  0.470736824381 ,  0.0263694498577 ,  0.421540950979 ,  0.103331993284 ,  0.425757170234 ,  0.212063566845 ,  0.56644318261 ,  -0.0264958942 ,  0.0529821853243 ,  0.0529821853243 ,  0.33645399751 ,  0.289522653129 ,  0.475423983603 ,  1.0 ,  0.349603603814 ,  0.508495060873
UNPALATABLE ,  0.00812590373295 ,  0.300614961288 ,  0.302126147997 ,  0.302457772572 ,  -0.135400738216 ,  0.287624412724 ,  0.283722114039 ,  0.00245941820959 ,  0.284932938821 ,  0.155022502168 ,  0.428998744313 ,  -0.0622387555014 ,  0.585345434126 ,  0.363612037397 ,  0.0436428665546 ,  0.0436428665546 ,  0.353189572759 ,  0.0106847093388 ,  0.20826351317 ,  -0.041826964849 ,  0.350373073754 ,  0.193769899074 ,  0.270711728209 ,  -0.0775924845284 ,  0.0884033983858 ,  0.0884033983858 ,  0.229598465192 ,  0.168988182652 ,  0.451448379339 ,  0.349603603814 ,  1.0 ,  0.241595338539
YUMMY ,  0.0465398716521 ,  0.375309940827 ,  0.266420454975 ,  0.433847137119 ,  0.0218470279582 ,  0.464727899881 ,  0.453758234115 ,  -0.0249060588852 ,  0.424644101685 ,  0.236285073656 ,  0.390755571991 ,  -0.0660677413841 ,  0.246284733186 ,  0.487411799276 ,  -0.00591147490283 ,  -0.00591147490283 ,  0.455360077664 ,  -0.010744836235 ,  0.545283999588 ,  0.0269796299193 ,  0.444520577042 ,  0.264028787687 ,  0.490824694111 ,  -0.0992525895779 ,  0.111950058229 ,  0.111950058229 ,  0.318577888287 ,  0.307304592134 ,  0.44973535576 ,  0.508495060873 ,  0.241595338539 ,  1.0
