WORDS  , AUSTERE , AUSTERITY , ECONOMICAL , ECONOMY , EXTRAVAGANT , FRUGAL , FRUGALITY , HUSBAND , PROFLIGACY , PROFLIGATE , SCRIMP , SPARING , SPARTAN , SPENDTHRIFT , SQUANDER , THRIFT , THRIFTY , WASTEFUL , WASTE
AUSTERE ,  1.0 ,  0.0447073608632 ,  0.342937018772 ,  -0.114636586207 ,  0.58763288506 ,  0.403640496741 ,  -0.102060890401 ,  -0.111733792905 ,  -0.0293314826484 ,  0.460449762331 ,  0.0278427248782 ,  0.0298014675825 ,  0.396088180919 ,  0.284540337745 ,  0.0121985818579 ,  -0.0733818788101 ,  0.306910804858 ,  0.383393447154 ,  -0.0935605435878
AUSTERITY ,  0.0447073608632 ,  1.0 ,  0.142112479064 ,  0.0545914996084 ,  0.036295893205 ,  0.000709488996281 ,  0.214249130267 ,  -0.108198762885 ,  0.181306659115 ,  0.0925786855537 ,  0.0846347283056 ,  -0.033562759602 ,  -0.0170302883286 ,  0.0434674539177 ,  0.075270199023 ,  0.180497563569 ,  -0.00203584691732 ,  0.171311212326 ,  0.118586896041
ECONOMICAL ,  0.342937018772 ,  0.142112479064 ,  1.0 ,  -0.0401511962832 ,  0.372238111099 ,  0.369176579867 ,  0.0312437475257 ,  -0.127981825474 ,  -0.0733864621743 ,  0.312884557202 ,  0.0401945298036 ,  -0.026556208557 ,  0.321499836167 ,  0.175305738111 ,  0.0963689139314 ,  0.0241105848977 ,  0.332751667103 ,  0.384236640608 ,  0.0245887417548
ECONOMY ,  -0.114636586207 ,  0.0545914996084 ,  -0.0401511962832 ,  1.0 ,  -0.0572566215402 ,  -0.129522084179 ,  0.164736515416 ,  0.269280294917 ,  0.0777378429475 ,  -0.0726969140938 ,  -0.0231306840193 ,  -0.0731946493179 ,  -0.111746892091 ,  -0.0587167566735 ,  0.0684067238156 ,  0.123023473833 ,  -0.0329417447886 ,  0.049462027418 ,  0.202237283441
EXTRAVAGANT ,  0.58763288506 ,  0.036295893205 ,  0.372238111099 ,  -0.0572566215402 ,  1.0 ,  0.426853187061 ,  -0.113427920943 ,  -0.124759763831 ,  -0.0827787156487 ,  0.429631927195 ,  0.0570020512988 ,  -0.00884702223507 ,  0.339169521537 ,  0.209972214764 ,  0.0623500443008 ,  0.0427575521105 ,  0.304825054401 ,  0.391359262192 ,  -0.0277325378623
FRUGAL ,  0.403640496741 ,  0.000709488996281 ,  0.369176579867 ,  -0.129522084179 ,  0.426853187061 ,  1.0 ,  -0.0598432477266 ,  -0.0733787232021 ,  -0.116008323241 ,  0.473505526366 ,  0.0324203617463 ,  0.0721384208004 ,  0.353335296501 ,  0.257578616794 ,  0.00251720550378 ,  0.0847921615008 ,  0.445418881105 ,  0.360574330343 ,  -0.0923170090915
FRUGALITY ,  -0.102060890401 ,  0.214249130267 ,  0.0312437475257 ,  0.164736515416 ,  -0.113427920943 ,  -0.0598432477266 ,  1.0 ,  0.0215261612142 ,  0.33307084922 ,  -0.108744700486 ,  0.133342874159 ,  -0.0351298657581 ,  -0.0631231818032 ,  0.00722182381352 ,  0.0450442720384 ,  0.159110234214 ,  -0.127566069023 ,  -0.0397058147586 ,  0.169505701457
HUSBAND ,  -0.111733792905 ,  -0.108198762885 ,  -0.127981825474 ,  0.269280294917 ,  -0.124759763831 ,  -0.0733787232021 ,  0.0215261612142 ,  1.0 ,  -5.19315802247e-05 ,  -0.0960566721154 ,  -0.0591593777111 ,  0.0408413178451 ,  -0.0991162057046 ,  0.0263161680994 ,  -0.0986741378926 ,  0.0591063045798 ,  0.00539809717261 ,  -0.0790652761334 ,  0.0857279065227
PROFLIGACY ,  -0.0293314826484 ,  0.181306659115 ,  -0.0733864621743 ,  0.0777378429475 ,  -0.0827787156487 ,  -0.116008323241 ,  0.33307084922 ,  -5.19315802247e-05 ,  1.0 ,  -0.10041788511 ,  0.217940095183 ,  -0.068584426439 ,  -0.092539034171 ,  -0.0251121037849 ,  0.00150281742189 ,  0.0561268909458 ,  -0.12003075586 ,  -0.0451997136638 ,  0.0903590900514
PROFLIGATE ,  0.460449762331 ,  0.0925786855537 ,  0.312884557202 ,  -0.0726969140938 ,  0.429631927195 ,  0.473505526366 ,  -0.108744700486 ,  -0.0960566721154 ,  -0.10041788511 ,  1.0 ,  -0.00889059369934 ,  0.08352541355 ,  0.230640749918 ,  0.379816490201 ,  0.0363118095471 ,  0.0405208499815 ,  0.371759631293 ,  0.530489163776 ,  -0.0585832641037
SCRIMP ,  0.0278427248782 ,  0.0846347283056 ,  0.0401945298036 ,  -0.0231306840193 ,  0.0570020512988 ,  0.0324203617463 ,  0.133342874159 ,  -0.0591593777111 ,  0.217940095183 ,  -0.00889059369934 ,  1.0 ,  -0.061993405597 ,  -0.00423525730125 ,  -0.0943008303287 ,  0.122080830296 ,  -0.0149050075678 ,  -0.0284879897766 ,  0.0720218743812 ,  0.157711467465
SPARING ,  0.0298014675825 ,  -0.033562759602 ,  -0.026556208557 ,  -0.0731946493179 ,  -0.00884702223507 ,  0.0721384208004 ,  -0.0351298657581 ,  0.0408413178451 ,  -0.068584426439 ,  0.08352541355 ,  -0.061993405597 ,  1.0 ,  -0.0488862523823 ,  0.10455827771 ,  0.375124093587 ,  -0.0164799251894 ,  0.00167835989861 ,  0.0328134891151 ,  0.062615071814
SPARTAN ,  0.396088180919 ,  -0.0170302883286 ,  0.321499836167 ,  -0.111746892091 ,  0.339169521537 ,  0.353335296501 ,  -0.0631231818032 ,  -0.0991162057046 ,  -0.092539034171 ,  0.230640749918 ,  -0.00423525730125 ,  -0.0488862523823 ,  1.0 ,  0.126789317519 ,  -0.00426744195499 ,  0.0415570453643 ,  0.232773012611 ,  0.269586573462 ,  -0.0338849397409
SPENDTHRIFT ,  0.284540337745 ,  0.0434674539177 ,  0.175305738111 ,  -0.0587167566735 ,  0.209972214764 ,  0.257578616794 ,  0.00722182381352 ,  0.0263161680994 ,  -0.0251121037849 ,  0.379816490201 ,  -0.0943008303287 ,  0.10455827771 ,  0.126789317519 ,  1.0 ,  0.041421062789 ,  0.0540564940255 ,  0.28712554652 ,  0.238719289498 ,  -0.0265024122477
SQUANDER ,  0.0121985818579 ,  0.075270199023 ,  0.0963689139314 ,  0.0684067238156 ,  0.0623500443008 ,  0.00251720550378 ,  0.0450442720384 ,  -0.0986741378926 ,  0.00150281742189 ,  0.0363118095471 ,  0.122080830296 ,  0.375124093587 ,  -0.00426744195499 ,  0.041421062789 ,  1.0 ,  -0.0077795388666 ,  -0.034461149838 ,  0.112440081365 ,  0.230681552515
THRIFT ,  -0.0733818788101 ,  0.180497563569 ,  0.0241105848977 ,  0.123023473833 ,  0.0427575521105 ,  0.0847921615008 ,  0.159110234214 ,  0.0591063045798 ,  0.0561268909458 ,  0.0405208499815 ,  -0.0149050075678 ,  -0.0164799251894 ,  0.0415570453643 ,  0.0540564940255 ,  -0.0077795388666 ,  1.0 ,  0.0366317005238 ,  0.0966682987519 ,  0.113269329341
THRIFTY ,  0.306910804858 ,  -0.00203584691732 ,  0.332751667103 ,  -0.0329417447886 ,  0.304825054401 ,  0.445418881105 ,  -0.127566069023 ,  0.00539809717261 ,  -0.12003075586 ,  0.371759631293 ,  -0.0284879897766 ,  0.00167835989861 ,  0.232773012611 ,  0.28712554652 ,  -0.034461149838 ,  0.0366317005238 ,  1.0 ,  0.264625793246 ,  -0.0894482420096
WASTEFUL ,  0.383393447154 ,  0.171311212326 ,  0.384236640608 ,  0.049462027418 ,  0.391359262192 ,  0.360574330343 ,  -0.0397058147586 ,  -0.0790652761334 ,  -0.0451997136638 ,  0.530489163776 ,  0.0720218743812 ,  0.0328134891151 ,  0.269586573462 ,  0.238719289498 ,  0.112440081365 ,  0.0966682987519 ,  0.264625793246 ,  1.0 ,  0.0897926249991
WASTE ,  -0.0935605435878 ,  0.118586896041 ,  0.0245887417548 ,  0.202237283441 ,  -0.0277325378623 ,  -0.0923170090915 ,  0.169505701457 ,  0.0857279065227 ,  0.0903590900514 ,  -0.0585832641037 ,  0.157711467465 ,  0.062615071814 ,  -0.0338849397409 ,  -0.0265024122477 ,  0.230681552515 ,  0.113269329341 ,  -0.0894482420096 ,  0.0897926249991 ,  1.0
