WORDS  , FRIENDLY , GREGARIOUS , INTROVERTED , LONER , OUTGOING , RECLUSE , SHY , SOCIABLE , TIMID
FRIENDLY ,  1.0 ,  0.231375512691 ,  0.214777655023 ,  0.036397364949 ,  0.24589363214 ,  -0.0979061105073 ,  0.197247890183 ,  0.25591534046 ,  0.292373590982
GREGARIOUS ,  0.231375512691 ,  1.0 ,  0.514748425873 ,  0.0299552865719 ,  0.297449389825 ,  -0.0840874585983 ,  0.290187921241 ,  0.460405829176 ,  0.458220073352
INTROVERTED ,  0.214777655023 ,  0.514748425873 ,  1.0 ,  0.0447856201847 ,  0.220169958029 ,  -0.104370925189 ,  0.203111283292 ,  0.491077167842 ,  0.385662520768
LONER ,  0.036397364949 ,  0.0299552865719 ,  0.0447856201847 ,  1.0 ,  0.0332660135618 ,  0.472654757802 ,  0.019269460564 ,  0.0521419148851 ,  -0.0457947729952
OUTGOING ,  0.24589363214 ,  0.297449389825 ,  0.220169958029 ,  0.0332660135618 ,  1.0 ,  -0.0657138579755 ,  0.210175167079 ,  0.224816521193 ,  0.310699921285
RECLUSE ,  -0.0979061105073 ,  -0.0840874585983 ,  -0.104370925189 ,  0.472654757802 ,  -0.0657138579755 ,  1.0 ,  0.000861450066625 ,  -0.0594613830372 ,  -0.146170659525
SHY ,  0.197247890183 ,  0.290187921241 ,  0.203111283292 ,  0.019269460564 ,  0.210175167079 ,  0.000861450066625 ,  1.0 ,  0.171205281437 ,  0.335372366513
SOCIABLE ,  0.25591534046 ,  0.460405829176 ,  0.491077167842 ,  0.0521419148851 ,  0.224816521193 ,  -0.0594613830372 ,  0.171205281437 ,  1.0 ,  0.372848335681
TIMID ,  0.292373590982 ,  0.458220073352 ,  0.385662520768 ,  -0.0457947729952 ,  0.310699921285 ,  -0.146170659525 ,  0.335372366513 ,  0.372848335681 ,  1.0
