WORDS  , ADEQUACY , ADEQUATE , ADEQUATELY , AMPLE , ENOUGH , ENOUGH , ENOUGH , INADEQUACY , INADEQUATE , INADEQUATELY , INSUFFICIENT , INSUFFICIENTLY , PLENTY , PLENTY , PLENTY , SO , SUFFICE , SUFFICIENT , SUFFICIENTLY , TOO
ADEQUACY ,  1.0 ,  0.119976000404 ,  0.0765724755369 ,  0.0500494088962 ,  0.0148317934032 ,  0.0148317934032 ,  0.0148317934032 ,  0.664503173937 ,  0.140989986594 ,  0.0918978750799 ,  0.121820042061 ,  -0.00923140854467 ,  0.0615997722535 ,  0.0615997722535 ,  0.0615997722535 ,  -0.0239559422892 ,  0.061037332974 ,  0.0649513566184 ,  0.031638167127 ,  0.0046094471686
ADEQUATE ,  0.119976000404 ,  1.0 ,  0.118515529741 ,  0.524612216461 ,  0.399189205407 ,  0.399189205407 ,  0.399189205407 ,  0.0157044509756 ,  0.701449394083 ,  0.0277550321492 ,  0.620750639156 ,  0.0508619493875 ,  0.186294664929 ,  0.186294664929 ,  0.186294664929 ,  0.100523531256 ,  0.0475750654637 ,  0.668238019724 ,  0.171816184984 ,  0.140199990313
ADEQUATELY ,  0.0765724755369 ,  0.118515529741 ,  1.0 ,  0.0419364483997 ,  0.0455281240131 ,  0.0455281240131 ,  0.0455281240131 ,  0.10292682619 ,  0.107427748709 ,  0.499853903689 ,  0.0552238919486 ,  0.364438778695 ,  0.110485493195 ,  0.110485493195 ,  0.110485493195 ,  0.1060520453 ,  -0.0365027931474 ,  0.0775055489556 ,  0.535855368107 ,  0.184504334001
AMPLE ,  0.0500494088962 ,  0.524612216461 ,  0.0419364483997 ,  1.0 ,  0.266315568203 ,  0.266315568203 ,  0.266315568203 ,  0.0140801272548 ,  0.414122895967 ,  -0.0114581580362 ,  0.549994900715 ,  0.0530343511264 ,  0.176601138091 ,  0.176601138091 ,  0.176601138091 ,  0.0321668239284 ,  0.101565579552 ,  0.551287081451 ,  0.148178553196 ,  0.0927475879184
ENOUGH ,  0.0148317934032 ,  0.399189205407 ,  0.0455281240131 ,  0.266315568203 ,  1.0 ,  1.0 ,  1.0 ,  0.00155889393863 ,  0.275944730364 ,  -0.0521301187436 ,  0.354605884817 ,  -0.0301916335794 ,  0.296432808696 ,  0.296432808696 ,  0.296432808696 ,  0.29800228878 ,  0.103281693612 ,  0.552247852775 ,  0.214149966394 ,  0.280117085546
ENOUGH ,  0.0148317934032 ,  0.399189205407 ,  0.0455281240131 ,  0.266315568203 ,  1.0 ,  1.0 ,  1.0 ,  0.00155889393863 ,  0.275944730364 ,  -0.0521301187436 ,  0.354605884817 ,  -0.0301916335794 ,  0.296432808696 ,  0.296432808696 ,  0.296432808696 ,  0.29800228878 ,  0.103281693612 ,  0.552247852775 ,  0.214149966394 ,  0.280117085546
ENOUGH ,  0.0148317934032 ,  0.399189205407 ,  0.0455281240131 ,  0.266315568203 ,  1.0 ,  1.0 ,  1.0 ,  0.00155889393863 ,  0.275944730364 ,  -0.0521301187436 ,  0.354605884817 ,  -0.0301916335794 ,  0.296432808696 ,  0.296432808696 ,  0.296432808696 ,  0.29800228878 ,  0.103281693612 ,  0.552247852775 ,  0.214149966394 ,  0.280117085546
INADEQUACY ,  0.664503173937 ,  0.0157044509756 ,  0.10292682619 ,  0.0140801272548 ,  0.00155889393863 ,  0.00155889393863 ,  0.00155889393863 ,  1.0 ,  0.0278325756053 ,  0.0240964288004 ,  0.0385337744236 ,  -0.0799395466447 ,  0.0827423756581 ,  0.0827423756581 ,  0.0827423756581 ,  0.00847847083153 ,  0.112746138041 ,  -0.0142265581681 ,  0.0650431897663 ,  0.0338130498729
INADEQUATE ,  0.140989986594 ,  0.701449394083 ,  0.107427748709 ,  0.414122895967 ,  0.275944730364 ,  0.275944730364 ,  0.275944730364 ,  0.0278325756053 ,  1.0 ,  0.0628970665741 ,  0.653754015279 ,  0.0337760970356 ,  0.0524178175893 ,  0.0524178175893 ,  0.0524178175893 ,  0.00343916813087 ,  0.102133380192 ,  0.499234206955 ,  0.0762083883951 ,  0.0405282528667
INADEQUATELY ,  0.0918978750799 ,  0.0277550321492 ,  0.499853903689 ,  -0.0114581580362 ,  -0.0521301187436 ,  -0.0521301187436 ,  -0.0521301187436 ,  0.0240964288004 ,  0.0628970665741 ,  1.0 ,  0.0429240210119 ,  0.630999160051 ,  0.0601331555273 ,  0.0601331555273 ,  0.0601331555273 ,  0.0215760082074 ,  -0.0554674947236 ,  -0.0102599800793 ,  0.348676387455 ,  0.0792635098547
INSUFFICIENT ,  0.121820042061 ,  0.620750639156 ,  0.0552238919486 ,  0.549994900715 ,  0.354605884817 ,  0.354605884817 ,  0.354605884817 ,  0.0385337744236 ,  0.653754015279 ,  0.0429240210119 ,  1.0 ,  0.0414090019573 ,  0.112788646445 ,  0.112788646445 ,  0.112788646445 ,  -0.00239352992876 ,  0.14140951524 ,  0.668913958546 ,  0.122932510907 ,  0.05783412855
INSUFFICIENTLY ,  -0.00923140854467 ,  0.0508619493875 ,  0.364438778695 ,  0.0530343511264 ,  -0.0301916335794 ,  -0.0301916335794 ,  -0.0301916335794 ,  -0.0799395466447 ,  0.0337760970356 ,  0.630999160051 ,  0.0414090019573 ,  1.0 ,  0.206544938929 ,  0.206544938929 ,  0.206544938929 ,  0.115839624972 ,  -0.0450722877944 ,  0.008782595605 ,  0.462419662566 ,  0.197666650266
PLENTY ,  0.0615997722535 ,  0.186294664929 ,  0.110485493195 ,  0.176601138091 ,  0.296432808696 ,  0.296432808696 ,  0.296432808696 ,  0.0827423756581 ,  0.0524178175893 ,  0.0601331555273 ,  0.112788646445 ,  0.206544938929 ,  1.0 ,  1.0 ,  1.0 ,  0.309055591031 ,  0.0732483170937 ,  0.212945606366 ,  0.268402787548 ,  0.393696189234
PLENTY ,  0.0615997722535 ,  0.186294664929 ,  0.110485493195 ,  0.176601138091 ,  0.296432808696 ,  0.296432808696 ,  0.296432808696 ,  0.0827423756581 ,  0.0524178175893 ,  0.0601331555273 ,  0.112788646445 ,  0.206544938929 ,  1.0 ,  1.0 ,  1.0 ,  0.309055591031 ,  0.0732483170937 ,  0.212945606366 ,  0.268402787548 ,  0.393696189234
PLENTY ,  0.0615997722535 ,  0.186294664929 ,  0.110485493195 ,  0.176601138091 ,  0.296432808696 ,  0.296432808696 ,  0.296432808696 ,  0.0827423756581 ,  0.0524178175893 ,  0.0601331555273 ,  0.112788646445 ,  0.206544938929 ,  1.0 ,  1.0 ,  1.0 ,  0.309055591031 ,  0.0732483170937 ,  0.212945606366 ,  0.268402787548 ,  0.393696189234
SO ,  -0.0239559422892 ,  0.100523531256 ,  0.1060520453 ,  0.0321668239284 ,  0.29800228878 ,  0.29800228878 ,  0.29800228878 ,  0.00847847083153 ,  0.00343916813087 ,  0.0215760082074 ,  -0.00239352992876 ,  0.115839624972 ,  0.309055591031 ,  0.309055591031 ,  0.309055591031 ,  1.0 ,  0.0163061560578 ,  0.137802441375 ,  0.258467440489 ,  0.461313037054
SUFFICE ,  0.061037332974 ,  0.0475750654637 ,  -0.0365027931474 ,  0.101565579552 ,  0.103281693612 ,  0.103281693612 ,  0.103281693612 ,  0.112746138041 ,  0.102133380192 ,  -0.0554674947236 ,  0.14140951524 ,  -0.0450722877944 ,  0.0732483170937 ,  0.0732483170937 ,  0.0732483170937 ,  0.0163061560578 ,  1.0 ,  0.0974909700892 ,  0.0570330677447 ,  0.0457226643183
SUFFICIENT ,  0.0649513566184 ,  0.668238019724 ,  0.0775055489556 ,  0.551287081451 ,  0.552247852775 ,  0.552247852775 ,  0.552247852775 ,  -0.0142265581681 ,  0.499234206955 ,  -0.0102599800793 ,  0.668913958546 ,  0.008782595605 ,  0.212945606366 ,  0.212945606366 ,  0.212945606366 ,  0.137802441375 ,  0.0974909700892 ,  1.0 ,  0.270262973419 ,  0.169257506258
SUFFICIENTLY ,  0.031638167127 ,  0.171816184984 ,  0.535855368107 ,  0.148178553196 ,  0.214149966394 ,  0.214149966394 ,  0.214149966394 ,  0.0650431897663 ,  0.0762083883951 ,  0.348676387455 ,  0.122932510907 ,  0.462419662566 ,  0.268402787548 ,  0.268402787548 ,  0.268402787548 ,  0.258467440489 ,  0.0570330677447 ,  0.270262973419 ,  1.0 ,  0.355821281296
TOO ,  0.0046094471686 ,  0.140199990313 ,  0.184504334001 ,  0.0927475879184 ,  0.280117085546 ,  0.280117085546 ,  0.280117085546 ,  0.0338130498729 ,  0.0405282528667 ,  0.0792635098547 ,  0.05783412855 ,  0.197666650266 ,  0.393696189234 ,  0.393696189234 ,  0.393696189234 ,  0.461313037054 ,  0.0457226643183 ,  0.169257506258 ,  0.355821281296 ,  1.0
